Initial State Manifold is D5/2.
Total pulse time: 2388.03 us.
######################################################################## 

initial_state = [[0, 3, -1]]

pulse_train_U1 = [[0, 3, -1], [0, 4, 0], [0, 3, -1], [0, 3, 2], [0, 3, -1], [0, 4, -1], [1, 3, -1], [-2, 3, -1], [-2, 2, -1], [-1, 3, -1], [-1, 2, -2], [-1, 3, -1], [-1, 3, 1], [-1, 3, -1], [-1, 4, -2], [-2, 3, -1], [-2, 3, -3], [-1, 3, -1], [-1, 3, -2], [-1, 3, -1], [-1, 3, 0], [-2, 3, -1], [-2, 4, -4], [-1, 3, -1], [-1, 4, -3]]
fractions_U1 = [0.07142857142857142, 1, 0.07692307692307693, 1, 0.08333333333333333, 1, 0.09090909090909091, 0.1, 1, 0.1111111111111111, 1, 0.125, 1, 0.14285714285714285, 1, 0.16666666666666666, 1, 0.2, 1, 0.25, 1, 0.3333333333333333, 1, 0.5, 1]
simulated_phase_mask_U1 = [0, 0, 0, 0, 0, 0, 0, 0, 0, 0, 0, 0, 0, 0, 0, 0, 0, 0, 0, 0, 0, 0, 0, 0, 0]
fixed_phase_mask_U1 = [1, 0, 1, 0, 1, 0, 1, 1, 0, 1, 0, 1, 0, 1, 0, 1, 0, 1, 0, 1, 0, 1, 0, 1, 0]

pulse_train_U2 = [[-1, 4, -3], [-1, 3, -1], [-1, 4, -3], [-2, 4, -4], [-2, 3, -1], [-2, 4, -4], [-1, 3, 0], [-1, 3, -1], [-1, 3, 0], [-1, 3, -2], [-1, 3, -1], [-1, 3, -2], [-2, 3, -3], [-2, 3, -1], [-2, 3, -3], [-1, 4, -2], [-1, 3, -1], [-1, 4, -2], [-1, 3, 1], [-1, 3, -1], [-1, 3, 1], [-1, 2, -2], [-1, 3, -1], [-1, 2, -2], [-2, 2, -1], [-2, 3, -1], [-2, 2, -1], [1, 3, -1], [0, 4, -1], [0, 3, -1], [0, 4, -1], [0, 3, 2], [0, 3, -1], [0, 3, 2], [0, 4, 0], [0, 3, -1], [0, 4, 0]]
fractions_U2 = [1, 0.5, 1, 1, 0.3333333333333333, 1, 1, 0.25, 1, 1, 0.2, 1, 1, 0.16666666666666666, 1, 1, 0.14285714285714285, 1, 1, 0.125, 1, 1, 0.1111111111111111, 1, 1, 0.1, 1, 0.09090909090909091, 1, 0.08333333333333333, 1, 1, 0.07692307692307693, 1, 1, 0.07142857142857142, 1]
simulated_phase_mask_U2 = [0, 13, 0, 0, 12, 0, 0, 11, 0, 0, 10, 0, 0, 9, 0, 0, 8, 0, 0, 7, 0, 0, 6, 0, 0, 5, 0, 4, 0, 3, 0, 0, 2, 0, 0, 1, 0]
fixed_phase_mask_U2 = [1, 0, 0, 1, 0, 0, 1, 0, 0, 1, 0, 0, 1, 0, 0, 1, 0, 0, 1, 0, 0, 1, 0, 0, 1, 0, 0, 0, 1, 0, 0, 1, 0, 0, 1, 0, 0]

s12_state_shelvings = [[1, 4, 1]]
s12_state_fractions = [1]
s12_state_fixed_phases = [0]
s12_state_simulated_phases = [0]

probe_trans = [[-1, 3, -1], [1, 4, 0], [1, 3, 2], [1, 4, -1], [1, 4, 1], [1, 2, -1], [0, 2, -2], [0, 3, 1], [0, 4, -2], [-2, 3, -3], [-2, 3, -2], [-1, 3, 0], [-2, 4, -4], [-1, 4, -3]]

pulse_train_U2 = pulse_train_U2 + s12_state_shelvings
fractions_U2 = fractions_U2 + s12_state_fractions
fixed_phase_mask_U2 = fixed_phase_mask_U2 + s12_state_fixed_phases
simulated_phase_mask_U2 = simulated_phase_mask_U2 + s12_state_simulated_phases
######################################################################## 

